{
 "cells": [
  {
   "cell_type": "markdown",
   "metadata": {},
   "source": [
    "# 1D Wannier test"
   ]
  },
  {
   "cell_type": "markdown",
   "metadata": {},
   "source": [
    "## 1-site test"
   ]
  },
  {
   "cell_type": "markdown",
   "metadata": {},
   "source": [
    "### 1x1 set by stack 2 half trap together"
   ]
  },
  {
   "cell_type": "markdown",
   "metadata": {},
   "source": [
    "Nsite = 2\n",
    "\n",
    "trap_center = [-0.5, 0.5]\n",
    "\n",
    "reflection = [0, 1, 0, 1]"
   ]
  },
  {
   "cell_type": "markdown",
   "metadata": {},
   "source": [
    "#### 1D"
   ]
  },
  {
   "cell_type": "code",
   "execution_count": 42,
   "metadata": {},
   "outputs": [
    {
     "name": "stdout",
     "output_type": "stream",
     "text": [
      "Solve (1, 1, 1) sector.\n",
      "Solve (-1, 1, 1) sector.\n",
      "E = [-0.81764427 -0.48432265 -0.22424979 -0.04447679  0.01983552  0.04584088]\n",
      "parity = [[ 1  1  1]\n",
      " [-1  1  1]\n",
      " [ 1  1  1]\n",
      " [-1  1  1]\n",
      " [ 1  1  1]\n",
      " [-1  1  1]]\n"
     ]
    }
   ],
   "source": [
    "from Hubbard.core import *\n",
    "import numpy as np\n",
    "from tools.fix_phase import fix_phase\n",
    "\n",
    "N = 10\n",
    "R0 = np.array([3, 3, 7.2])\n",
    "dvr = MLWF(\n",
    "    N=N,\n",
    "    R0=R0,\n",
    "    lattice=np.array([2], dtype=int),\n",
    "    trap=(50, (930, 1250)),\n",
    "    lc=(0, 1600),\n",
    "    band=1,\n",
    "    dim=1,\n",
    "    avg=1 / 2,\n",
    "    sparse=True,\n",
    "    symmetry=True,\n",
    "    verbosity=0)\n",
    "\n",
    "k = 6\n",
    "p_list = sector(dvr)\n",
    "E_sb = np.array([])\n",
    "W_sb = []\n",
    "p_sb = np.array([], dtype=int).reshape(0, dim)\n",
    "for p in p_list:\n",
    "    print(f'Solve {p} sector.')\n",
    "    parity = dvr.p.copy()\n",
    "    parity[:len(p)] = p\n",
    "    dvr.update_p(parity)\n",
    "\n",
    "    Em, Wm = dvr.H_solver(k)\n",
    "    E_sb = np.append(E_sb, Em)\n",
    "    W_sb += [Wm[:, i].reshape(dvr.n + 1 - dvr.init) for i in range(k)]\n",
    "    # Parity sector marker\n",
    "    p_sb = np.append(p_sb, np.tile(p, (k, 1)), axis=0)\n",
    "\n",
    "\n",
    "# Sort everything by energy, only keetp lowest k states\n",
    "idx = np.argsort(E_sb)[:k]\n",
    "E_sb = E_sb[idx]\n",
    "W_sb = [W_sb[i] for i in idx]\n",
    "p_sb = p_sb[idx, :]\n",
    "\n",
    "print(f'E = {E_sb}')\n",
    "print(f'parity = {p_sb}')\n",
    "\n",
    "# A, U = singleband_optimize(dvr, E, W, p)\n",
    "# V = singleband_interaction(dvr, U, U, W, W, p,  p)\n",
    "# # for i in range(dvr.bands):\n",
    "# #     mu = np.diag(A[i])  # Diagonals are mu_i\n",
    "# #     t = -(A[i] - np.diag(mu))  # Off-diagonals are t_ij\n",
    "# #     print(f'V_{i+1}_i = ', np.real(mu))\n",
    "# #     print(f't_{i+1}_ij =', abs(t))\n",
    "# mu = np.diag(A)  # Diagonals are mu_i\n",
    "# t = -(A - np.diag(mu))  # Off-diagonals are t_ij\n",
    "# print('V_i = ', np.real(mu))\n",
    "# print('t_ij =', abs(t))\n",
    "# print('U_i =', abs(V))\n"
   ]
  },
  {
   "cell_type": "markdown",
   "metadata": {},
   "source": [
    "##### Lattice 1x1"
   ]
  },
  {
   "cell_type": "code",
   "execution_count": 45,
   "metadata": {},
   "outputs": [
    {
     "name": "stdout",
     "output_type": "stream",
     "text": [
      "parity = (1, 1, 1)\n"
     ]
    },
    {
     "data": {
      "text/plain": [
       "array([-0.81764427, -0.22424979,  0.01983552,  0.09098092,  0.2137715 ,\n",
       "        0.3775416 ])"
      ]
     },
     "execution_count": 45,
     "metadata": {},
     "output_type": "execute_result"
    }
   ],
   "source": [
    "from Hubbard.core import *\n",
    "import numpy as np\n",
    "from tools.fix_phase import fix_phase\n",
    "\n",
    "N = 10\n",
    "R0 = np.array([3, 3, 7.2])\n",
    "dvr = MLWF(\n",
    "    N=N,\n",
    "    R0=R0,\n",
    "    lattice=np.array([1], dtype=int),\n",
    "    trap=(50, (930, 1250)),\n",
    "    lc=(0, 1600),\n",
    "    band=1,\n",
    "    dim=1,\n",
    "    avg=1,\n",
    "    sparse=True,\n",
    "    verbosity=0)\n",
    "\n",
    "k = 6\n",
    "p_list = sector(dvr)\n",
    "E = np.array([])\n",
    "W = []\n",
    "p = np.array([], dtype=int).reshape(0, 3)\n",
    "for parity in p_list:\n",
    "    print(f'parity = {parity}')\n",
    "    E, W, p = solve_sector(parity, dvr, k, E, W, p)\n",
    "E"
   ]
  },
  {
   "cell_type": "markdown",
   "metadata": {},
   "source": [
    "#### DVR single-site"
   ]
  },
  {
   "cell_type": "code",
   "execution_count": 47,
   "metadata": {},
   "outputs": [
    {
     "data": {
      "text/plain": [
       "array([-0.81764427, -0.48432265, -0.22424979, -0.04447679,  0.01983552,\n",
       "        0.04584088])"
      ]
     },
     "execution_count": 47,
     "metadata": {},
     "output_type": "execute_result"
    }
   ],
   "source": [
    "from DVR.core import *\n",
    "import numpy as np\n",
    "\n",
    "N = 10\n",
    "R0 = np.array([3, 3, 7.2])\n",
    "dvr = DVR(np.array([N, 0, 0], dtype=int),\n",
    "          R0=R0,\n",
    "          trap=(50, (930, 1250)),\n",
    "          avg=1,\n",
    "          sparse=True,\n",
    "          verbosity=0)\n",
    "E, W = dvr.H_solver(k=6)\n",
    "E"
   ]
  },
  {
   "cell_type": "markdown",
   "metadata": {},
   "source": [
    "1D matches."
   ]
  },
  {
   "cell_type": "markdown",
   "metadata": {},
   "source": [
    "#### 2D"
   ]
  },
  {
   "cell_type": "code",
   "execution_count": 37,
   "metadata": {},
   "outputs": [
    {
     "name": "stdout",
     "output_type": "stream",
     "text": [
      "Solve (1, 1, 1) sector.\n",
      "Solve (-1, 1, 1) sector.\n",
      "E = [-0.89483896 -0.05609852 -0.05162838 -0.03050462]\n",
      "parity = [[ 1  1  1]\n",
      " [-1  1  1]\n",
      " [ 1  1  1]\n",
      " [ 1  1  1]]\n"
     ]
    }
   ],
   "source": [
    "from Hubbard.core import *\n",
    "import numpy as np\n",
    "from tools.fix_phase import fix_phase\n",
    "\n",
    "N = 3\n",
    "R0 = np.array([3, 3, 7.2])\n",
    "dvr = MLWF(\n",
    "    N=N,\n",
    "    R0=R0,\n",
    "    lattice=np.array([2], dtype=int),\n",
    "    trap=(50, 1000),\n",
    "    lc=(0, 1600),\n",
    "    band=1,\n",
    "    dim=2,\n",
    "    avg=1 / 2,\n",
    "    sparse=True,\n",
    "    symmetry=True,\n",
    "    verbosity=0)\n",
    "\n",
    "k = 4\n",
    "p_list = sector(dvr)\n",
    "E_sb = np.array([])\n",
    "W_sb = []\n",
    "p_sb = np.array([], dtype=int).reshape(0, dim)\n",
    "for p in p_list:\n",
    "    print(f'Solve {p} sector.')\n",
    "    parity = dvr.p.copy()\n",
    "    parity[:len(p)] = p\n",
    "    dvr.update_p(parity)\n",
    "\n",
    "    Em, Wm = dvr.H_solver(k)\n",
    "    E_sb = np.append(E_sb, Em)\n",
    "    W_sb += [Wm[:, i].reshape(dvr.n + 1 - dvr.init) for i in range(k)]\n",
    "    # Parity sector marker\n",
    "    p_sb = np.append(p_sb, np.tile(p, (k, 1)), axis=0)\n",
    "\n",
    "\n",
    "# Sort everything by energy, only keetp lowest k states\n",
    "idx = np.argsort(E_sb)[:k]\n",
    "E_sb = E_sb[idx]\n",
    "W_sb = [W_sb[i] for i in idx]\n",
    "p_sb = p_sb[idx, :]\n",
    "\n",
    "print(f'E = {E_sb}')\n",
    "print(f'parity = {p_sb}')\n",
    "\n",
    "# A, U = singleband_optimize(dvr, E, W, p)\n",
    "# V = singleband_interaction(dvr, U, U, W, W, p,  p)\n",
    "# # for i in range(dvr.bands):\n",
    "# #     mu = np.diag(A[i])  # Diagonals are mu_i\n",
    "# #     t = -(A[i] - np.diag(mu))  # Off-diagonals are t_ij\n",
    "# #     print(f'V_{i+1}_i = ', np.real(mu))\n",
    "# #     print(f't_{i+1}_ij =', abs(t))\n",
    "# mu = np.diag(A)  # Diagonals are mu_i\n",
    "# t = -(A - np.diag(mu))  # Off-diagonals are t_ij\n",
    "# print('V_i = ', np.real(mu))\n",
    "# print('t_ij =', abs(t))\n",
    "# print('U_i =', abs(V))\n"
   ]
  },
  {
   "cell_type": "code",
   "execution_count": 22,
   "metadata": {},
   "outputs": [
    {
     "name": "stdout",
     "output_type": "stream",
     "text": [
      "[[ 0.05528168 -0.0475278   0.01188195 -0.00528087]\n",
      " [-0.0475278   0.06368349 -0.03734137  0.01050226]\n",
      " [ 0.01188195 -0.03734137  0.05738213 -0.03495152]\n",
      " [-0.00528087  0.01050226 -0.03495152  0.05621522]]\n",
      "[[ 0.05528168 -0.0475278   0.01188195 -0.00528087]\n",
      " [-0.0475278   0.06368349 -0.03734137  0.01050226]\n",
      " [ 0.01188195 -0.03734137  0.05738213 -0.03495152]\n",
      " [-0.00528087  0.01050226 -0.03495152  0.05621522]]\n",
      "[[0.]]\n",
      "[[[-1.00000000e+00]\n",
      "  [-1.35335283e-01]\n",
      "  [-3.35462628e-04]\n",
      "  [-1.52299797e-08]]\n",
      "\n",
      " [[-1.35335283e-01]\n",
      "  [-1.83156389e-02]\n",
      "  [-4.53999298e-05]\n",
      "  [-2.06115362e-09]]\n",
      "\n",
      " [[-3.35462628e-04]\n",
      "  [-4.53999298e-05]\n",
      "  [-1.12535175e-07]\n",
      "  [-5.10908903e-12]]\n",
      "\n",
      " [[-1.52299797e-08]\n",
      "  [-2.06115362e-09]\n",
      "  [-5.10908903e-12]\n",
      "  [-2.31952283e-16]]]\n",
      "[[ 0.04687987 -0.0298731   0.00630136]\n",
      " [-0.0298731   0.05318123 -0.03226294]\n",
      " [ 0.00630136 -0.03226294  0.05434815]]\n",
      "[[ 0.05528168 -0.0475278   0.01188195 -0.00528087]\n",
      " [-0.0475278   0.06368349 -0.03734137  0.01050226]\n",
      " [ 0.01188195 -0.03734137  0.05738213 -0.03495152]\n",
      " [-0.00528087  0.01050226 -0.03495152  0.05621522]]\n",
      "[[0.]]\n",
      "[[[-1.35335283e-01]\n",
      "  [-1.83156389e-02]\n",
      "  [-4.53999298e-05]\n",
      "  [-2.06115362e-09]]\n",
      "\n",
      " [[-3.35462628e-04]\n",
      "  [-4.53999298e-05]\n",
      "  [-1.12535175e-07]\n",
      "  [-5.10908903e-12]]\n",
      "\n",
      " [[-1.52299797e-08]\n",
      "  [-2.06115362e-09]\n",
      "  [-5.10908903e-12]\n",
      "  [-2.31952283e-16]]]\n",
      "[-0.89483896 -0.05162838 -0.03050462  0.01945654]\n",
      "[-0.05609852  0.01996959  0.03907498  0.05627543]\n"
     ]
    }
   ],
   "source": [
    "from DVR.core import *\n",
    "import numpy as np\n",
    "\n",
    "N = 3\n",
    "R0 = np.array([3, 3, 7.2])\n",
    "dvr = DVR(np.array([N, N, 0], dtype=int),\n",
    "          R0=R0,\n",
    "          trap=(50, 1000),\n",
    "          avg=1,\n",
    "          sparse=True,\n",
    "          symmetry=True,\n",
    "          parity=np.array([1, 1, 0], dtype=int),\n",
    "          verbosity=0)\n",
    "Ep, Wp = dvr.H_solver(k=4)\n",
    "dvr = DVR(np.array([N, N, 0], dtype=int),\n",
    "          R0=R0,\n",
    "          trap=(50, 1000),\n",
    "          avg=1,\n",
    "          sparse=True,\n",
    "          symmetry=True,\n",
    "          parity=np.array([-1, 1, 0], dtype=int),\n",
    "          verbosity=0)\n",
    "Em, Wm = dvr.H_solver(k=4)\n",
    "print(Ep)\n",
    "print(Em)"
   ]
  },
  {
   "cell_type": "code",
   "execution_count": 14,
   "metadata": {},
   "outputs": [
    {
     "name": "stdout",
     "output_type": "stream",
     "text": [
      "parity = (1, 1, 1)\n",
      "[[ 0.05528168 -0.0475278   0.01188195 -0.00528087]\n",
      " [-0.0475278   0.06368349 -0.03734137  0.01050226]\n",
      " [ 0.01188195 -0.03734137  0.05738213 -0.03495152]\n",
      " [-0.00528087  0.01050226 -0.03495152  0.05621522]]\n",
      "[[ 0.05528168 -0.0475278   0.01188195 -0.00528087]\n",
      " [-0.0475278   0.06368349 -0.03734137  0.01050226]\n",
      " [ 0.01188195 -0.03734137  0.05738213 -0.03495152]\n",
      " [-0.00528087  0.01050226 -0.03495152  0.05621522]]\n",
      "[[0.]]\n",
      "[[[-1.00000000e+00]\n",
      "  [-1.35335283e-01]\n",
      "  [-3.35462628e-04]\n",
      "  [-1.52299797e-08]]\n",
      "\n",
      " [[-1.35335283e-01]\n",
      "  [-1.83156389e-02]\n",
      "  [-4.53999298e-05]\n",
      "  [-2.06115362e-09]]\n",
      "\n",
      " [[-3.35462628e-04]\n",
      "  [-4.53999298e-05]\n",
      "  [-1.12535175e-07]\n",
      "  [-5.10908903e-12]]\n",
      "\n",
      " [[-1.52299797e-08]\n",
      "  [-2.06115362e-09]\n",
      "  [-5.10908903e-12]\n",
      "  [-2.31952283e-16]]]\n"
     ]
    },
    {
     "data": {
      "text/plain": [
       "array([-0.89483896, -0.05162838, -0.03050462,  0.01945654])"
      ]
     },
     "execution_count": 14,
     "metadata": {},
     "output_type": "execute_result"
    }
   ],
   "source": [
    "from Hubbard.core import *\n",
    "import numpy as np\n",
    "from tools.fix_phase import fix_phase\n",
    "\n",
    "N = 3\n",
    "R0 = np.array([3, 3, 7.2])\n",
    "dvr = MLWF(\n",
    "    N=N,\n",
    "    R0=R0,\n",
    "    lattice=np.array([1], dtype=int),\n",
    "    trap=(50, 1000),\n",
    "    lc=(0, 1600),\n",
    "    band=1,\n",
    "    dim=2,\n",
    "    avg=1,\n",
    "    sparse=True,\n",
    "    verbosity=0)\n",
    "\n",
    "k = 4\n",
    "dim = 3\n",
    "p_list = sector(dvr)\n",
    "E = np.array([])\n",
    "W = []\n",
    "p = np.array([], dtype=int).reshape(0, dim)\n",
    "for parity in p_list:\n",
    "    print(f'parity = {parity}')\n",
    "    E, W, p = solve_sector(parity, dvr, k, E, W, p)\n",
    "E"
   ]
  },
  {
   "cell_type": "markdown",
   "metadata": {},
   "source": [
    "## 1D DVR Wannier"
   ]
  },
  {
   "cell_type": "markdown",
   "metadata": {},
   "source": [
    "### 3x1"
   ]
  },
  {
   "cell_type": "code",
   "execution_count": 5,
   "metadata": {},
   "outputs": [
    {
     "name": "stdout",
     "output_type": "stream",
     "text": [
      "Solve (1, 1, 1) sector.\n",
      "[[ 2.45696362 -2.11234684  0.52808671 -0.2347052   0.13202168 -0.08449387\n",
      "   0.0586763  -0.04310912  0.03300542 -0.02607836  0.02112347 -0.01745741\n",
      "   0.01466908 -0.01249909  0.01077728 -0.00938821  0.00825135 -0.00730916\n",
      "   0.00651959 -0.00585138  0.00528087 -0.0047899   0.00436435 -0.00399309\n",
      "   0.00366727 -0.00337975  0.00312477]\n",
      " [-2.11234684  2.83037732 -1.65961642  0.46676712 -0.22570783  0.13484383\n",
      "  -0.09022894  0.06482877 -0.04892293  0.0382749  -0.03078444  0.02530915\n",
      "  -0.02118245  0.01799329 -0.01547666  0.01345528 -0.01180682  0.01044463\n",
      "  -0.0093059   0.00834418 -0.00752452  0.0068202  -0.00621052  0.00567921\n",
      "  -0.00521339  0.0048027  -0.00443876]\n",
      " [ 0.52808671 -1.65961642  2.55031705 -1.55340097  0.4149041  -0.19644439\n",
      "   0.11669178 -0.07818637  0.05642696 -0.042827    0.03371096 -0.02727838\n",
      "   0.02255724 -0.01898272  0.01620719 -0.01400655  0.01223073 -0.01077601\n",
      "   0.00956873 -0.00855533  0.00769611 -0.00696109  0.00632729 -0.00577682\n",
      "   0.00529561 -0.00487245  0.00449832]\n",
      " [-0.2347052   0.46676712 -1.55340097  2.49845403 -1.52413753  0.39675205\n",
      "  -0.18440182  0.10828997 -0.07209045  0.05186301 -0.03932094  0.03095904\n",
      "  -0.02507865  0.02077114 -0.01751261  0.01498265 -0.01297574  0.01135482\n",
      "  -0.01002544  0.00892065 -0.0079919   0.0072032  -0.0065274   0.00594369\n",
      "  -0.00543588  0.00499124 -0.00459959]\n",
      " [ 0.13202168 -0.22570783  0.4149041  -1.52413753  2.48030198 -1.51209496\n",
      "   0.38835024 -0.1783059   0.10372603 -0.06858438  0.0491111  -0.03712122\n",
      "   0.02917294 -0.02360854  0.01954659 -0.0164818   0.01410674 -0.01222517\n",
      "   0.01070675 -0.00946201  0.00842774 -0.0075582   0.00681959 -0.00618646\n",
      "   0.00563931 -0.00516302  0.00474568]\n",
      " [-0.08449387  0.13484383 -0.19644439  0.39675205 -1.51209496  2.47190017\n",
      "  -1.50599903  0.3837863  -0.17479984  0.10097411 -0.06638466  0.047325\n",
      "  -0.03565111  0.0279484  -0.02257773  0.01867068 -0.01573123  0.01345867\n",
      "  -0.01166174  0.01021384 -0.00902831  0.00804414 -0.00721726  0.00651522\n",
      "  -0.00591359  0.00539375 -0.00494124]\n",
      " [ 0.0586763  -0.09022894  0.11669178 -0.18440182  0.38835024 -1.50599903\n",
      "   2.46733623 -1.50249297  0.38103438 -0.17260011  0.09918801 -0.06491455\n",
      "   0.04610046 -0.0346203   0.02707249 -0.02182715  0.01802261 -0.0151678\n",
      "   0.01296575 -0.01122804  0.00983024 -0.00868737  0.00773976 -0.0069444\n",
      "   0.00626966 -0.00569182  0.00519278]\n",
      " [-0.04310912  0.06482877 -0.07818637  0.10828997 -0.1783059   0.3837863\n",
      "  -1.50249297  2.46458431 -1.50029324  0.37924828 -0.17113     0.09796347\n",
      "  -0.06388374  0.04522455 -0.03386972  0.02642442 -0.02126373  0.0175297\n",
      "  -0.0147341   0.01258215 -0.0108871   0.00952586 -0.00841451  0.00749421\n",
      "  -0.00672263  0.00606869 -0.00550913]\n",
      " [ 0.03300542 -0.04892293  0.05642696 -0.07209045  0.10372603 -0.17479984\n",
      "   0.38103438 -1.50029324  2.46279821 -1.49882313  0.37802374 -0.17009919\n",
      "   0.09708756 -0.06313316  0.04457647 -0.03330629  0.02593151 -0.02083003\n",
      "   0.0171461  -0.01439316  0.01227777 -0.01061424  0.0092803  -0.00819274\n",
      "   0.00729324 -0.00653994  0.00590213]\n",
      " [-0.02607836  0.0382749  -0.042827    0.05186301 -0.06858438  0.10097411\n",
      "  -0.17260011  0.37924828 -1.49882313  2.46157367 -1.49779232  0.37714783\n",
      "  -0.16934861  0.09643949 -0.06256974  0.04408356 -0.0328726   0.0255479\n",
      "  -0.02048909  0.01684172 -0.0141203   0.01203222 -0.01039247  0.00907933\n",
      "  -0.00801005  0.00712668 -0.00638767]\n",
      " [ 0.02112347 -0.03078444  0.03371096 -0.03932094  0.0491111  -0.06638466\n",
      "   0.09918801 -0.17113     0.37802374 -1.49779232  2.46069776 -1.49704175\n",
      "   0.37649976 -0.16878519  0.09594657 -0.06213604  0.04369996 -0.03253166\n",
      "   0.02524353 -0.02021623  0.01659616 -0.01389853  0.01183125 -0.01020978\n",
      "   0.00891278 -0.00785778  0.0069871 ]\n",
      " [-0.01745741  0.02530915 -0.02727838  0.03095904 -0.03712122  0.047325\n",
      "  -0.06491455  0.09796347 -0.17009919  0.37714783 -1.49704175  2.46004969\n",
      "  -1.49647832  0.37600684 -0.16835149  0.09556297 -0.0617951   0.04339558\n",
      "  -0.0322588   0.02499797 -0.01999445  0.01639519 -0.01371584  0.01166469\n",
      "  -0.0100575   0.0087732  -0.00772952]\n",
      " [ 0.01466908 -0.02118245  0.02255724 -0.02507865  0.02917294 -0.03565111\n",
      "   0.04610046 -0.06388374  0.09708756 -0.16934861  0.37649976 -1.49647832\n",
      "   2.45955677 -1.49604462  0.37562324 -0.16801055  0.0952586  -0.06152224\n",
      "   0.04315003 -0.03203702  0.024797   -0.01981177  0.01622864 -0.01356356\n",
      "   0.01152511 -0.00992925  0.00865507]\n",
      " [-0.01249909  0.01799329 -0.01898272  0.02077114 -0.02360854  0.0279484\n",
      "  -0.0346203   0.04522455 -0.06313316  0.09643949 -0.16878519  0.37600684\n",
      "  -1.49604462  2.45917317 -1.49570368  0.37531887 -0.16773769  0.09501304\n",
      "  -0.06130046  0.04294906 -0.03185433  0.02463044 -0.01965949  0.01608906\n",
      "  -0.01343531  0.01140699 -0.00982022]\n",
      " [ 0.01077728 -0.01547666  0.01620719 -0.01751261  0.01954659 -0.02257773\n",
      "   0.02707249 -0.03386972  0.04457647 -0.06256974  0.09594657 -0.16835149\n",
      "   0.37562324 -1.49570368  2.4588688  -1.49543082  0.37507331 -0.16751591\n",
      "   0.09481207 -0.06111777  0.0427825  -0.03170206  0.02449087 -0.01953124\n",
      "   0.01597093 -0.01332628  0.01130614]\n",
      " [-0.00938821  0.01345528 -0.01400655  0.01498265 -0.0164818   0.01867068\n",
      "  -0.02182715  0.02642442 -0.03330629  0.04408356 -0.06213604  0.09556297\n",
      "  -0.16801055  0.37531887 -1.49543082  2.45862324 -1.49520905  0.37487234\n",
      "  -0.16733323  0.09464551 -0.0609655   0.04264292 -0.03157381  0.02437274\n",
      "  -0.0194222   0.01587008 -0.01323281]\n",
      " [ 0.00825135 -0.01180682  0.01223073 -0.01297574  0.01410674 -0.01573123\n",
      "   0.01802261 -0.02126373  0.02593151 -0.0328726   0.04369996 -0.0617951\n",
      "   0.0952586  -0.16773769  0.37507331 -1.49520905  2.45842227 -1.49502636\n",
      "   0.37470578 -0.16718095  0.09450593 -0.06083725  0.0425248  -0.03146477\n",
      "   0.02427189 -0.01932873  0.01578329]\n",
      " [-0.00730916  0.01044463 -0.01077601  0.01135482 -0.01222517  0.01345867\n",
      "  -0.0151678   0.0175297  -0.02083003  0.0255479  -0.03253166  0.04339558\n",
      "  -0.06152224  0.09501304 -0.16751591  0.37487234 -1.49502636  2.45825571\n",
      "  -1.49487409  0.37456621 -0.1670527   0.09438781 -0.06072821  0.04242394\n",
      "  -0.0313713   0.0241851  -0.019248  ]\n",
      " [ 0.00651959 -0.0093059   0.00956873 -0.01002544  0.01070675 -0.01166174\n",
      "   0.01296575 -0.0147341   0.0171461  -0.02048909  0.02524353 -0.0322588\n",
      "   0.04315003 -0.06130046  0.09481207 -0.16733323  0.37470578 -1.49487409\n",
      "   2.45811614 -1.49474583  0.37444808 -0.16694366  0.09428696 -0.06063474\n",
      "   0.04233715 -0.03129057  0.02410987]\n",
      " [-0.00585138  0.00834418 -0.00855533  0.00892065 -0.00946201  0.01021384\n",
      "  -0.01122804  0.01258215 -0.01439316  0.01684172 -0.02021623  0.02499797\n",
      "  -0.03203702  0.04294906 -0.06111777  0.09464551 -0.16718095  0.37456621\n",
      "  -1.49474583  2.45799801 -1.4946368   0.37434723 -0.16685019  0.09420017\n",
      "  -0.06055401  0.04226193 -0.03122036]\n",
      " [ 0.00528087 -0.00752452  0.00769611 -0.0079919   0.00842774 -0.00902831\n",
      "   0.00983024 -0.0108871   0.01227777 -0.0141203   0.01659616 -0.01999445\n",
      "   0.024797   -0.03185433  0.0427825  -0.0609655   0.09450593 -0.1670527\n",
      "   0.37444808 -1.4946368   2.45789716 -1.49454333  0.37426044 -0.16676946\n",
      "   0.09412494 -0.0604838   0.0421963 ]\n",
      " [-0.0047899   0.0068202  -0.00696109  0.0072032  -0.0075582   0.00804414\n",
      "  -0.00868737  0.00952586 -0.01061424  0.01203222 -0.01389853  0.01639519\n",
      "  -0.01981177  0.02463044 -0.03170206  0.04264292 -0.06083725  0.09438781\n",
      "  -0.16694366  0.37434723 -1.49454333  2.45781037 -1.49446259  0.37418521\n",
      "  -0.16669925  0.09405931 -0.06042236]\n",
      " [ 0.00436435 -0.00621052  0.00632729 -0.0065274   0.00681959 -0.00721726\n",
      "   0.00773976 -0.00841451  0.0092803  -0.01039247  0.01183125 -0.01371584\n",
      "   0.01622864 -0.01965949  0.02449087 -0.03157381  0.0425248  -0.06072821\n",
      "   0.09428696 -0.16685019  0.37426044 -1.49446259  2.45773514 -1.49439238\n",
      "   0.37411958 -0.16663781  0.09400171]\n",
      " [-0.00399309  0.00567921 -0.00577682  0.00594369 -0.00618646  0.00651522\n",
      "  -0.0069444   0.00749421 -0.00819274  0.00907933 -0.01020978  0.01166469\n",
      "  -0.01356356  0.01608906 -0.01953124  0.02437274 -0.03146477  0.04242394\n",
      "  -0.06063474  0.09420017 -0.16676946  0.37418521 -1.49439238  2.45766951\n",
      "  -1.49433094  0.37406198 -0.16658374]\n",
      " [ 0.00366727 -0.00521339  0.00529561 -0.00543588  0.00563931 -0.00591359\n",
      "   0.00626966 -0.00672263  0.00729324 -0.00801005  0.00891278 -0.0100575\n",
      "   0.01152511 -0.01343531  0.01597093 -0.0194222   0.02427189 -0.0313713\n",
      "   0.04233715 -0.06055401  0.09412494 -0.16669925  0.37411958 -1.49433094\n",
      "   2.45761191 -1.49427687  0.37401116]\n",
      " [-0.00337975  0.0048027  -0.00487245  0.00499124 -0.00516302  0.00539375\n",
      "  -0.00569182  0.00606869 -0.00653994  0.00712668 -0.00785778  0.0087732\n",
      "  -0.00992925  0.01140699 -0.01332628  0.01587008 -0.01932873  0.0241851\n",
      "  -0.03129057  0.04226193 -0.0604838   0.09405931 -0.16663781  0.37406198\n",
      "  -1.49427687  2.45756109 -1.49422904]\n",
      " [ 0.00312477 -0.00443876  0.00449832 -0.00459959  0.00474568 -0.00494124\n",
      "   0.00519278 -0.00550913  0.00590213 -0.00638767  0.0069871  -0.00772952\n",
      "   0.00865507 -0.00982022  0.01130614 -0.01323281  0.01578329 -0.019248\n",
      "   0.02410987 -0.03122036  0.0421963  -0.06042236  0.09400171 -0.16658374\n",
      "   0.37401116 -1.49422904  2.45751601]]\n",
      "[[0.]]\n",
      "[[0.]]\n",
      "[[[-6.97898699e-01]]\n",
      "\n",
      " [[-6.95450237e-01]]\n",
      "\n",
      " [[-6.89078615e-01]]\n",
      "\n",
      " [[-6.80037516e-01]]\n",
      "\n",
      " [[-6.66565732e-01]]\n",
      "\n",
      " [[-6.42483895e-01]]\n",
      "\n",
      " [[-5.99716255e-01]]\n",
      "\n",
      " [[-5.33372981e-01]]\n",
      "\n",
      " [[-4.45776361e-01]]\n",
      "\n",
      " [[-3.46569143e-01]]\n",
      "\n",
      " [[-2.48935591e-01]]\n",
      "\n",
      " [[-1.64486278e-01]]\n",
      "\n",
      " [[-9.97164877e-02]]\n",
      "\n",
      " [[-5.53742844e-02]]\n",
      "\n",
      " [[-2.81412632e-02]]\n",
      "\n",
      " [[-1.30807388e-02]]\n",
      "\n",
      " [[-5.55946320e-03]]\n",
      "\n",
      " [[-2.16004455e-03]]\n",
      "\n",
      " [[-7.67138128e-04]]\n",
      "\n",
      " [[-2.49021752e-04]]\n",
      "\n",
      " [[-7.38817951e-05]]\n",
      "\n",
      " [[-2.00338521e-05]]\n",
      "\n",
      " [[-4.96492595e-06]]\n",
      "\n",
      " [[-1.12455092e-06]]\n",
      "\n",
      " [[-2.32788553e-07]]\n",
      "\n",
      " [[-4.40412011e-08]]\n",
      "\n",
      " [[-7.61502061e-09]]]\n",
      "Solve (-1, 1, 1) sector.\n",
      "[[ 2.08354993e+00 -1.32769313e+00  2.80060270e-01 -1.06215451e-01\n",
      "   5.18630130e-02 -2.92634405e-02  1.81520546e-02 -1.20425681e-02\n",
      "   8.40180811e-03 -6.09592807e-03  4.56394515e-03 -3.50606040e-03\n",
      "   2.75191498e-03 -2.19972827e-03  1.78609866e-03 -1.47011004e-03\n",
      "   1.22454336e-03 -1.03080777e-03  8.75908665e-04 -7.50575574e-04\n",
      "   6.48073353e-04 -5.63428281e-04  4.92912934e-04 -4.33696358e-04\n",
      "   3.83602167e-04 -3.40938484e-04]\n",
      " [-1.32769313e+00  2.36361020e+00 -1.43390858e+00  3.31923283e-01\n",
      "  -1.35478891e-01  7.00150676e-02 -4.13060086e-02  2.65538627e-02\n",
      "  -1.81384962e-02  1.29657533e-02 -9.60198847e-03  7.31586012e-03\n",
      "  -5.70578867e-03  4.53801364e-03 -3.66983831e-03  3.01064203e-03\n",
      "  -2.50091781e-03  2.10045203e-03 -1.78138334e-03  1.52398202e-03\n",
      "  -1.31400386e-03  1.14098629e-03 -9.97124639e-04  8.76515101e-04\n",
      "  -7.74634842e-04  6.87978744e-04]\n",
      " [ 2.80060270e-01 -1.43390858e+00  2.41547321e+00 -1.46317202e+00\n",
      "   3.50075338e-01 -1.47521459e-01  7.84168757e-02 -4.74019367e-02\n",
      "   3.11178078e-02 -2.16445566e-02  1.57176682e-02 -1.18017167e-02\n",
      "   9.10195879e-03 -7.17589872e-03  5.76255700e-03 -4.70064608e-03\n",
      "   3.88655069e-03 -3.25149339e-03  2.74852538e-03 -2.34481163e-03\n",
      "   2.01689495e-03 -1.74770021e-03  1.52458845e-03 -1.33806312e-03\n",
      "   1.18089168e-03 -1.04749789e-03]\n",
      " [-1.06215451e-01  3.31923283e-01 -1.46317202e+00  2.43362527e+00\n",
      "  -1.47521459e+00  3.58477146e-01 -1.53617387e-01  8.29808209e-02\n",
      "  -5.09079971e-02  3.38697228e-02 -2.38442848e-02  1.75037669e-02\n",
      "  -1.32718268e-02  1.03265022e-02 -8.20670649e-03  6.63846567e-03\n",
      "  -5.45122166e-03  4.53462404e-03 -3.81492167e-03  3.24143831e-03\n",
      "  -2.77850798e-03  2.40049712e-03 -2.08863870e-03  1.82896503e-03\n",
      "  -1.61092617e-03  1.42644717e-03]\n",
      " [ 5.18630130e-02 -1.35478891e-01  3.50075338e-01 -1.47521459e+00\n",
      "   2.44202708e+00 -1.48131052e+00  3.63041091e-01 -1.57123448e-01\n",
      "   8.57327358e-02 -5.31077253e-02  3.56558215e-02 -2.53143949e-02\n",
      "   1.87283103e-02 -1.43026346e-02  1.12024108e-02 -8.95728206e-03\n",
      "   7.28653902e-03 -6.01464994e-03  5.02753698e-03 -4.24861803e-03\n",
      "   3.62504048e-03 -3.11944647e-03  2.70487370e-03 -2.36150175e-03\n",
      "   2.07452052e-03 -1.83270092e-03]\n",
      " [-2.92634405e-02  7.00150676e-02 -1.47521459e-01  3.58477146e-01\n",
      "  -1.48131052e+00  2.44659102e+00 -1.48481658e+00  3.65793006e-01\n",
      "  -1.59323176e-01  8.75188345e-02 -5.45778354e-02  3.68803648e-02\n",
      "  -2.63452027e-02  1.96042189e-02 -1.50532101e-02  1.18504842e-02\n",
      "  -9.52071034e-03  7.77945196e-03 -6.44834630e-03  5.41113915e-03\n",
      "  -4.58955651e-03  3.92941706e-03 -3.39230952e-03  2.95042919e-03\n",
      "  -2.58327650e-03  2.27548970e-03]\n",
      " [ 1.81520546e-02 -4.13060086e-02  7.84168757e-02 -1.53617387e-01\n",
      "   3.63041091e-01 -1.48481658e+00  2.44934294e+00 -1.48701631e+00\n",
      "   3.67579105e-01 -1.60793286e-01  8.87433779e-02 -5.56086432e-02\n",
      "   3.77562735e-02 -2.70957782e-02  2.02522923e-02 -1.56166384e-02\n",
      "   1.23433971e-02 -9.95440670e-03  8.16305412e-03 -6.78928478e-03\n",
      "   5.71551572e-03 -4.86241956e-03  4.17497255e-03 -3.61408427e-03\n",
      "   3.15139836e-03 -2.76596404e-03]\n",
      " [-1.20425681e-02  2.65538627e-02 -4.74019367e-02  8.29808209e-02\n",
      "  -1.57123448e-01  3.65793006e-01 -1.48701631e+00  2.45112904e+00\n",
      "  -1.48848642e+00  3.68803648e-01 -1.61824094e-01  8.96192865e-02\n",
      "  -5.63592187e-02  3.84043468e-02 -2.76592065e-02  2.07452052e-02\n",
      "  -1.60503348e-02  1.27269993e-02 -1.02953452e-02  8.46743070e-03\n",
      "  -7.06214783e-03  5.96107121e-03 -5.08419431e-03  4.37594172e-03\n",
      "  -3.79677181e-03  3.31795670e-03]\n",
      " [ 8.40180811e-03 -1.81384962e-02  3.11178078e-02 -5.09079971e-02\n",
      "   8.57327358e-02 -1.59323176e-01  3.67579105e-01 -1.48848642e+00\n",
      "   2.45235358e+00 -1.48951723e+00  3.69679557e-01 -1.62574669e-01\n",
      "   9.02673599e-02 -5.69226470e-02  3.88972598e-02 -2.80929029e-02\n",
      "   2.11288074e-02 -1.63912733e-02  1.30313758e-02 -1.05682082e-02\n",
      "   8.71298619e-03 -7.28392258e-03  6.16204039e-03 -5.26688185e-03\n",
      "   4.54250006e-03 -3.94904560e-03]\n",
      " [-6.09592807e-03  1.29657533e-02 -2.16445566e-02  3.38697228e-02\n",
      "  -5.31077253e-02  8.75188345e-02 -1.60793286e-01  3.68803648e-01\n",
      "  -1.48951723e+00  2.45322949e+00 -1.49026780e+00  3.70327630e-01\n",
      "  -1.63138098e-01  9.07602728e-02 -5.73563434e-02  3.92808619e-02\n",
      "  -2.84338414e-02  2.14331840e-02 -1.66641363e-02  1.32769313e-02\n",
      "  -1.07899830e-02  8.91395537e-03 -7.46661012e-03  6.32859872e-03\n",
      "  -5.41915565e-03  4.68207757e-03]\n",
      " [ 4.56394515e-03 -9.60198847e-03  1.57176682e-02 -2.38442848e-02\n",
      "   3.56558215e-02 -5.45778354e-02  8.87433779e-02 -1.61824094e-01\n",
      "   3.69679557e-01 -1.49026780e+00  2.45387756e+00 -1.49083123e+00\n",
      "   3.70820543e-01 -1.63571794e-01  9.11438750e-02 -5.76972819e-02\n",
      "   3.95852385e-02 -2.87067044e-02  2.16787394e-02 -1.68859111e-02\n",
      "   1.34779005e-02 -1.09726705e-02  9.08051370e-03 -7.61888392e-03\n",
      "   6.46817623e-03 -5.54741032e-03]\n",
      " [-3.50606040e-03  7.31586012e-03 -1.18017167e-02  1.75037669e-02\n",
      "  -2.53143949e-02  3.68803648e-02 -5.56086432e-02  8.96192865e-02\n",
      "  -1.62574669e-01  3.70327630e-01 -1.49083123e+00  2.45437047e+00\n",
      "  -1.49126493e+00  3.71204145e-01 -1.63912733e-01  9.14482516e-02\n",
      "  -5.79701449e-02  3.98307940e-02 -2.89284792e-02  2.18797086e-02\n",
      "  -1.70685986e-02  1.36444588e-02 -1.11249443e-02  9.22009121e-03\n",
      "  -7.74713859e-03  6.58630067e-03]\n",
      " [ 2.75191498e-03 -5.70578867e-03  9.10195879e-03 -1.32718268e-02\n",
      "   1.87283103e-02 -2.63452027e-02  3.77562735e-02 -5.63592187e-02\n",
      "   9.02673599e-02 -1.63138098e-01  3.70820543e-01 -1.49126493e+00\n",
      "   2.45475408e+00 -1.49160587e+00  3.71508522e-01 -1.64185596e-01\n",
      "   9.16938070e-02 -5.81919197e-02  4.00317632e-02 -2.91111667e-02\n",
      "   2.20462670e-02 -1.72208724e-02  1.37840364e-02 -1.12531990e-02\n",
      "   9.33821564e-03 -7.85617239e-03]\n",
      " [-2.19972827e-03  4.53801364e-03 -7.17589872e-03  1.03265022e-02\n",
      "  -1.43026346e-02  1.96042189e-02 -2.70957782e-02  3.84043468e-02\n",
      "  -5.69226470e-02  9.07602728e-02 -1.63571794e-01  3.71204145e-01\n",
      "  -1.49160587e+00  2.45505845e+00 -1.49187873e+00  3.71754077e-01\n",
      "  -1.64407370e-01  9.18947762e-02 -5.83746072e-02  4.01983215e-02\n",
      "  -2.92634405e-02  2.21858445e-02 -1.73491271e-02  1.39021608e-02\n",
      "  -1.13622328e-02  9.43906837e-03]\n",
      " [ 1.78609866e-03 -3.66983831e-03  5.76255700e-03 -8.20670649e-03\n",
      "   1.12024108e-02 -1.50532101e-02  2.02522923e-02 -2.76592065e-02\n",
      "   3.88972598e-02 -5.73563434e-02  9.11438750e-02 -1.63912733e-01\n",
      "   3.71508522e-01 -1.49187873e+00  2.45530401e+00 -1.49210050e+00\n",
      "   3.71955047e-01 -1.64590058e-01  9.20613346e-02 -5.85268810e-02\n",
      "   4.03378990e-02 -2.93916952e-02  2.23039689e-02 -1.74581609e-02\n",
      "   1.40030135e-02 -1.14557030e-02]\n",
      " [-1.47011004e-03  3.01064203e-03 -4.70064608e-03  6.63846567e-03\n",
      "  -8.95728206e-03  1.18504842e-02 -1.56166384e-02  2.07452052e-02\n",
      "  -2.80929029e-02  3.92808619e-02 -5.76972819e-02  9.14482516e-02\n",
      "  -1.64185596e-01  3.71754077e-01 -1.49210050e+00  2.45550498e+00\n",
      "  -1.49228319e+00  3.72121605e-01 -1.64742332e-01  9.22009121e-02\n",
      "  -5.86551357e-02  4.04560235e-02 -2.95007290e-02  2.24048216e-02\n",
      "  -1.75516311e-02  1.40898047e-02]\n",
      " [ 1.22454336e-03 -2.50091781e-03  3.88655069e-03 -5.45122166e-03\n",
      "   7.28653902e-03 -9.52071034e-03  1.23433971e-02 -1.60503348e-02\n",
      "   2.11288074e-02 -2.84338414e-02  3.95852385e-02 -5.79701449e-02\n",
      "   9.16938070e-02 -1.64407370e-01  3.71955047e-01 -1.49228319e+00\n",
      "   2.45567154e+00 -1.49243547e+00  3.72261182e-01 -1.64870586e-01\n",
      "   9.23190365e-02 -5.87641695e-02  4.05568762e-02 -2.95941992e-02\n",
      "   2.24916128e-02 -1.76323648e-02]\n",
      " [-1.03080777e-03  2.10045203e-03 -3.25149339e-03  4.53462404e-03\n",
      "  -6.01464994e-03  7.77945196e-03 -9.95440670e-03  1.27269993e-02\n",
      "  -1.63912733e-02  2.14331840e-02 -2.87067044e-02  3.98307940e-02\n",
      "  -5.81919197e-02  9.18947762e-02 -1.64590058e-01  3.72121605e-01\n",
      "  -1.49243547e+00  2.45581111e+00 -1.49256372e+00  3.72379307e-01\n",
      "  -1.64979620e-01  9.24198892e-02 -5.88576397e-02  4.06436674e-02\n",
      "  -2.96749329e-02  2.25668400e-02]\n",
      " [ 8.75908665e-04 -1.78138334e-03  2.74852538e-03 -3.81492167e-03\n",
      "   5.02753698e-03 -6.44834630e-03  8.16305412e-03 -1.02953452e-02\n",
      "   1.30313758e-02 -1.66641363e-02  2.16787394e-02 -2.89284792e-02\n",
      "   4.00317632e-02 -5.83746072e-02  9.20613346e-02 -1.64742332e-01\n",
      "   3.72261182e-01 -1.49256372e+00  2.45592924e+00 -1.49267275e+00\n",
      "   3.72480160e-01 -1.65073090e-01  9.25066804e-02 -5.89383734e-02\n",
      "   4.07188945e-02 -2.97451432e-02]\n",
      " [-7.50575574e-04  1.52398202e-03 -2.34481163e-03  3.24143831e-03\n",
      "  -4.24861803e-03  5.41113915e-03 -6.78928478e-03  8.46743070e-03\n",
      "  -1.05682082e-02  1.32769313e-02 -1.68859111e-02  2.18797086e-02\n",
      "  -2.91111667e-02  4.01983215e-02 -5.85268810e-02  9.22009121e-02\n",
      "  -1.64870586e-01  3.72379307e-01 -1.49267275e+00  2.45603009e+00\n",
      "  -1.49276622e+00  3.72566951e-01 -1.65153824e-01  9.25819076e-02\n",
      "  -5.90085837e-02  4.07845244e-02]\n",
      " [ 6.48073353e-04 -1.31400386e-03  2.01689495e-03 -2.77850798e-03\n",
      "   3.62504048e-03 -4.58955651e-03  5.71551572e-03 -7.06214783e-03\n",
      "   8.71298619e-03 -1.07899830e-02  1.34779005e-02 -1.70685986e-02\n",
      "   2.20462670e-02 -2.92634405e-02  4.03378990e-02 -5.86551357e-02\n",
      "   9.23190365e-02 -1.64979620e-01  3.72480160e-01 -1.49276622e+00\n",
      "   2.45611688e+00 -1.49284696e+00  3.72642178e-01 -1.65224034e-01\n",
      "   9.26475375e-02 -5.90700232e-02]\n",
      " [-5.63428281e-04  1.14098629e-03 -1.74770021e-03  2.40049712e-03\n",
      "  -3.11944647e-03  3.92941706e-03 -4.86241956e-03  5.96107121e-03\n",
      "  -7.28392258e-03  8.91395537e-03 -1.09726705e-02  1.36444588e-02\n",
      "  -1.72208724e-02  2.21858445e-02 -2.93916952e-02  4.04560235e-02\n",
      "  -5.87641695e-02  9.24198892e-02 -1.65073090e-01  3.72566951e-01\n",
      "  -1.49284696e+00  2.45619211e+00 -1.49291717e+00  3.72707808e-01\n",
      "  -1.65285474e-01  9.27051358e-02]\n",
      " [ 4.92912934e-04 -9.97124639e-04  1.52458845e-03 -2.08863870e-03\n",
      "   2.70487370e-03 -3.39230952e-03  4.17497255e-03 -5.08419431e-03\n",
      "   6.16204039e-03 -7.46661012e-03  9.08051370e-03 -1.11249443e-02\n",
      "   1.37840364e-02 -1.73491271e-02  2.23039689e-02 -2.95007290e-02\n",
      "   4.05568762e-02 -5.88576397e-02  9.25066804e-02 -1.65153824e-01\n",
      "   3.72642178e-01 -1.49291717e+00  2.45625774e+00 -1.49297861e+00\n",
      "   3.72765406e-01 -1.65339545e-01]\n",
      " [-4.33696358e-04  8.76515101e-04 -1.33806312e-03  1.82896503e-03\n",
      "  -2.36150175e-03  2.95042919e-03 -3.61408427e-03  4.37594172e-03\n",
      "  -5.26688185e-03  6.32859872e-03 -7.61888392e-03  9.22009121e-03\n",
      "  -1.12531990e-02  1.39021608e-02 -1.74581609e-02  2.24048216e-02\n",
      "  -2.95941992e-02  4.06436674e-02 -5.89383734e-02  9.25819076e-02\n",
      "  -1.65224034e-01  3.72707808e-01 -1.49297861e+00  2.45631534e+00\n",
      "  -1.49303268e+00  3.72816232e-01]\n",
      " [ 3.83602167e-04 -7.74634842e-04  1.18089168e-03 -1.61092617e-03\n",
      "   2.07452052e-03 -2.58327650e-03  3.15139836e-03 -3.79677181e-03\n",
      "   4.54250006e-03 -5.41915565e-03  6.46817623e-03 -7.74713859e-03\n",
      "   9.33821564e-03 -1.13622328e-02  1.40030135e-02 -1.75516311e-02\n",
      "   2.24916128e-02 -2.96749329e-02  4.07188945e-02 -5.90085837e-02\n",
      "   9.26475375e-02 -1.65285474e-01  3.72765406e-01 -1.49303268e+00\n",
      "   2.45636616e+00 -1.49308051e+00]\n",
      " [-3.40938484e-04  6.87978744e-04 -1.04749789e-03  1.42644717e-03\n",
      "  -1.83270092e-03  2.27548970e-03 -2.76596404e-03  3.31795670e-03\n",
      "  -3.94904560e-03  4.68207757e-03 -5.54741032e-03  6.58630067e-03\n",
      "  -7.85617239e-03  9.43906837e-03 -1.14557030e-02  1.40898047e-02\n",
      "  -1.76323648e-02  2.25668400e-02 -2.97451432e-02  4.07845244e-02\n",
      "  -5.90700232e-02  9.27051358e-02 -1.65339545e-01  3.72816232e-01\n",
      "  -1.49308051e+00  2.45641124e+00]]\n",
      "[[0.]]\n",
      "[[0.]]\n",
      "[[[-6.95450237e-01]]\n",
      "\n",
      " [[-6.89078615e-01]]\n",
      "\n",
      " [[-6.80037516e-01]]\n",
      "\n",
      " [[-6.66565732e-01]]\n",
      "\n",
      " [[-6.42483895e-01]]\n",
      "\n",
      " [[-5.99716255e-01]]\n",
      "\n",
      " [[-5.33372981e-01]]\n",
      "\n",
      " [[-4.45776361e-01]]\n",
      "\n",
      " [[-3.46569143e-01]]\n",
      "\n",
      " [[-2.48935591e-01]]\n",
      "\n",
      " [[-1.64486278e-01]]\n",
      "\n",
      " [[-9.97164877e-02]]\n",
      "\n",
      " [[-5.53742844e-02]]\n",
      "\n",
      " [[-2.81412632e-02]]\n",
      "\n",
      " [[-1.30807388e-02]]\n",
      "\n",
      " [[-5.55946320e-03]]\n",
      "\n",
      " [[-2.16004455e-03]]\n",
      "\n",
      " [[-7.67138128e-04]]\n",
      "\n",
      " [[-2.49021752e-04]]\n",
      "\n",
      " [[-7.38817951e-05]]\n",
      "\n",
      " [[-2.00338521e-05]]\n",
      "\n",
      " [[-4.96492595e-06]]\n",
      "\n",
      " [[-1.12455092e-06]]\n",
      "\n",
      " [[-2.32788553e-07]]\n",
      "\n",
      " [[-4.40412011e-08]]\n",
      "\n",
      " [[-7.61502061e-09]]]\n",
      "E = [-0.65544633 -0.56137405 -0.44810733]\n",
      "parity = [[ 1  1  1]\n",
      " [-1  1  1]\n",
      " [ 1  1  1]]\n",
      "V_i =  [-27.18679403 -28.87279771 -27.18679403]\n",
      "t_ij = [[0.         3.55104699 0.88190842]\n",
