{
 "cells": [
  {
   "cell_type": "markdown",
   "metadata": {},
   "source": [
    "# 3D Wannier calculations"
   ]
  },
  {
   "cell_type": "code",
   "execution_count": 1,
   "metadata": {},
   "outputs": [],
   "source": [
    "# Directives on Jupyter\n",
    "%reset\n",
    "# Auto reload bootstrap.py\n",
    "%load_ext autoreload\n",
    "%autoreload 2\n",
    "\n",
    "import numpy as np"
   ]
  },
  {
   "cell_type": "code",
   "execution_count": 15,
   "metadata": {},
   "outputs": [
    {
     "name": "stdout",
     "output_type": "stream",
     "text": [
      "DVR: dx=[0.15 0.15 0.36]w is set.\n",
      "DVR: n=[20 20 20] is set.\n",
      "DVR: R0=[3.  3.  7.2]w is set.\n",
      "['x' 'y' 'z']-reflection symmetry is used.\n",
      "param_set: trap parameter V0=104.52kHz w=1000nm\n",
      "lattice: Full lattice sizes: [3 3 1]\n",
      "lattice: lattice constants: [1.52 1.69 1.52]w\n",
      "DVR: dx=[0.15 0.15 0.36]w is set.\n",
      "DVR: n=[30 31 20] is set.\n",
      "DVR: R0=[4.52 4.69 7.2 ]w is set.\n",
      "H_op: n=[30 31 20] dx=[0.15 0.15 0.36]w p=[1 1 1] Gaussian sparse diagonalization is enabled. Lowest 9 states are to be calculated.\n",
      "H_op: n=[30 31 20] dx=[0.15 0.15 0.36]w p=[1 1 1] Gaussian operator constructed.\n",
      "H_solver: diagonalize sparse hermitian matrix.\n",
      "H_solver: Gaussian Hamiltonian solved. Time spent: 1.25s.\n",
      "H_solver: eigenstates memory usage: 1.43 MiB.\n",
      "H_op: n=[30 31 20] dx=[0.15 0.15 0.36]w p=[ 1 -1  1] Gaussian sparse diagonalization is enabled. Lowest 9 states are to be calculated.\n",
      "H_op: n=[30 31 20] dx=[0.15 0.15 0.36]w p=[ 1 -1  1] Gaussian operator constructed.\n",
      "H_solver: diagonalize sparse hermitian matrix.\n",
      "H_solver: Gaussian Hamiltonian solved. Time spent: 1.95s.\n",
      "H_solver: eigenstates memory usage: 1.39 MiB.\n",
      "H_op: n=[30 31 20] dx=[0.15 0.15 0.36]w p=[-1  1  1] Gaussian sparse diagonalization is enabled. Lowest 9 states are to be calculated.\n",
      "H_op: n=[30 31 20] dx=[0.15 0.15 0.36]w p=[-1  1  1] Gaussian operator constructed.\n",
      "H_solver: diagonalize sparse hermitian matrix.\n",
      "H_solver: Gaussian Hamiltonian solved. Time spent: 1.36s.\n",
      "H_solver: eigenstates memory usage: 1.38 MiB.\n",
      "H_op: n=[30 31 20] dx=[0.15 0.15 0.36]w p=[-1 -1  1] Gaussian sparse diagonalization is enabled. Lowest 9 states are to be calculated.\n",
      "H_op: n=[30 31 20] dx=[0.15 0.15 0.36]w p=[-1 -1  1] Gaussian operator constructed.\n",
      "H_solver: diagonalize sparse hermitian matrix.\n",
      "H_solver: Gaussian Hamiltonian solved. Time spent: 1.22s.\n",
      "H_solver: eigenstates memory usage: 1.34 MiB.\n",
      "Optimizing...\n",
      "Iteration    Cost                       Gradient norm     \n",
      "---------    -----------------------    --------------    \n",
      "   1         +2.8386917636633079e+01    4.22386814e+00    \n",
      "   2         +2.2409936286189573e+01    8.54725484e+00    \n",
      "   3         +1.7622985248669728e+01    1.15670914e+01    \n",
      "   4         +1.4106276699270321e+01    1.29576967e+01    \n",
      "   5         +1.1001451577881078e+01    1.15501071e+01    \n",
      "   6         +1.0517548317912595e+01    1.40463914e+01    \n",
      "   7         +8.7421434958784570e+00    1.16779535e+01    \n",
      "   8         +5.9065368412399248e+00    6.79969532e+00    \n",
      "   9         +4.7005479596398283e+00    6.04743644e+00    \n",
      "  10         +3.9620297550423480e+00    6.24462160e+00    \n",
      "  11         +3.8532499082759655e+00    8.47647244e+00    \n",
      "  12         +3.4541790212352330e+00    7.07369824e+00    \n",
      "  13         +2.5828403785371772e+00    2.74924802e+00    \n",
      "  14         +2.1745149751339361e+00    8.06404204e+00    \n",
      "  15         +1.1782917053334123e+00    2.88686061e+00    \n",
      "  16         +7.3759769680914877e-01    5.96543888e+00    \n",
      "  17         +4.0628359491597726e-01    4.89823075e+00    \n",
      "  18         +7.5527640266339874e-02    1.08880368e+00    \n",
      "  19         +3.3894288544204738e-02    1.48617752e+00    \n",
      "  20         +9.2744644117554662e-03    7.22329139e-01    \n",
      "  21         +5.7157417246244333e-03    6.00861764e-01    \n",
      "  22         +2.0356770831353350e-03    3.35069569e-01    \n",
      "  23         +5.6138820740605393e-04    1.18760238e-01    \n",
      "  24         +3.3096834750310941e-04    1.08864199e-01    \n",
      "  25         +1.6086011115686139e-04    6.35994618e-02    \n",
      "  26         +8.9032623629998849e-05    4.39011645e-02    \n",
      "  27         +7.9502047341733695e-05    6.63875367e-02    \n",
      "  28         +4.7503937371998431e-05    4.53046966e-02    \n",
      "  29         +1.8542724723948862e-05    1.62847453e-02    \n",
      "  30         +1.6449606536504234e-05    3.18332491e-02    \n",
      "  31         +9.4001469618378354e-06    2.18264652e-02    \n",
      "  32         +3.0787831153380838e-06    5.64109199e-03    \n",
      "  33         +2.7205008273726519e-06    1.02139191e-02    \n",
      "  34         +1.6585559136929582e-06    5.02453453e-03    \n",
      "  35         +1.3483415187260414e-06    3.39925356e-03    \n",
      "  36         +1.2545909251906220e-06    3.52490005e-03    \n",
      "  37         +1.0801385262481864e-06    1.17750469e-03    \n",
      "  38         +1.0626313422227690e-06    2.46020049e-03    \n",
      "  39         +1.0081527316565538e-06    1.37650689e-03    \n",
      "  40         +9.8243432052252710e-07    3.66614350e-04    \n",
      "  41         +9.7705998499654531e-07    5.06345641e-04    \n",
      "  42         +9.7414402253401525e-07    3.39436344e-04    \n",
      "  43         +9.7313167116512574e-07    3.22826765e-04    \n",
      "  44         +9.7182673305516265e-07    1.84956329e-04    \n",
      "  45         +9.7127118722500806e-07    1.11709289e-04    \n",
      "  46         +9.7124316998872156e-07    2.03301608e-04    \n",
      "  47         +9.7113677279169363e-07    1.82777001e-04    \n",
      "  48         +9.7081128211123802e-07    9.89207851e-05    \n",
      "  49         +9.7065963780776608e-07    4.68854149e-05    \n",
      "  50         +9.7059145700306489e-07    5.34289717e-05    \n",
      "  51         +9.7055431662800204e-07    4.57368916e-05    \n",
      "  52         +9.7052185305038939e-07    2.40827904e-05    \n",
      "  53         +9.7050729283780161e-07    2.35277866e-05    \n",
      "  54         +9.7049921515632827e-07    2.29930852e-05    \n",
      "  55         +9.7049837972373334e-07    2.96369380e-05    \n",
      "  56         +9.7049527227491372e-07    2.55010035e-05    \n",
      "  57         +9.7048713221098551e-07    9.29133850e-06    \n",
      "  58         +9.7048635430683950e-07    1.69172833e-05    \n",
      "  59         +9.7048387067099663e-07    1.02066678e-05    \n",
      "  60         +9.7048291824654772e-07    8.79229177e-06    \n",
      "  61         +9.7048236483887395e-07    8.06926771e-06    \n",
      "  62         +9.7048150140946778e-07    3.34989618e-06    \n",
      "  63         +9.7048146478670637e-07    5.39472572e-06    \n",
      "  64         +9.7048133185448430e-07    4.40286556e-06    \n",
      "  65         +9.7048106035257341e-07    1.28641049e-06    \n",
      "  66         +9.7048093298094964e-07    1.79542773e-06    \n",
      "  67         +9.7048090063383182e-07    1.01780571e-06    \n",
      "  68         +9.7048088647571104e-07    3.47312334e-07    \n",
      "Terminated - min grad norm reached after 68 iterations, 0.03 seconds.\n",
      "\n",
      "Trap site position of Wannier functions: [1 0 6 4 3 8 7 5 2]\n",
      "Order of Wannier function is set to match trap site.\n",
      "mu_i,1 =  [-35.64354929 -36.08746292 -35.6435493  -36.64455851 -37.09460884\n",
      " -36.64455851 -35.6435493  -36.08746292 -35.6435493 ]\n",
      "t_ij,1 = [[0.00000000e+00 9.04338848e-02 1.88117835e-03 2.90634604e-01\n",
      "  2.00855640e-03 8.61004417e-05 1.86065945e-02 2.76324396e-04\n",
      "  1.03144251e-05]\n",
      " [9.04338848e-02 0.00000000e+00 9.04338848e-02 1.94011596e-03\n",
      "  2.89613452e-01 1.94011499e-03 2.76324946e-04 1.84480632e-02\n",
      "  2.76324972e-04]\n",
      " [1.88117835e-03 9.04338848e-02 0.00000000e+00 8.61005092e-05\n",
      "  2.00855734e-03 2.90634614e-01 1.03144233e-05 2.76324388e-04\n",
      "  1.86065944e-02]\n",
      " [2.90634604e-01 1.94011596e-03 8.61005092e-05 0.00000000e+00\n",
      "  8.79192624e-02 1.76669748e-03 2.90634625e-01 1.94011465e-03\n",
      "  8.61023079e-05]\n",
      " [2.00855640e-03 2.89613452e-01 2.00855734e-03 8.79192624e-02\n",
      "  0.00000000e+00 8.79192624e-02 2.00855762e-03 2.89613460e-01\n",
      "  2.00855674e-03]\n",
      " [8.61004417e-05 1.94011499e-03 2.90634614e-01 1.76669748e-03\n",
      "  8.79192624e-02 0.00000000e+00 8.61023144e-05 1.94011556e-03\n",
      "  2.90634615e-01]\n",
      " [1.86065945e-02 2.76324946e-04 1.03144233e-05 2.90634625e-01\n",
      "  2.00855762e-03 8.61023144e-05 0.00000000e+00 9.04338849e-02\n",
      "  1.88117810e-03]\n",
      " [2.76324396e-04 1.84480632e-02 2.76324388e-04 1.94011465e-03\n",
      "  2.89613460e-01 1.94011556e-03 9.04338849e-02 0.00000000e+00\n",
      "  9.04338848e-02]\n",
      " [1.03144251e-05 2.76324972e-04 1.86065944e-02 8.61023079e-05\n",
      "  2.00855674e-03 2.90634615e-01 1.88117810e-03 9.04338848e-02\n",
      "  0.00000000e+00]]\n",
      "U_i = [[[1.10585855 1.06025591 1.10585854 1.03430202 0.98913985 1.03430202\n",
      "   1.10585854 1.06025591 1.10585854]]]\n"
     ]
    }
   ],
   "source": [
    "from wannier import *\n",
    "import numpy as np\n",
    "from positify import positify\n",
    "\n",
    "N = 20\n",
    "R0 = np.array([3, 3, 7.2])\n",
    "dvr = Wannier(\n",
    "    N,\n",
    "    R0,\n",
    "    lattice=np.array([3, 3], dtype=int),\n",
    "    #   lc=(1690, 1520),\n",
    "    dim=3,\n",
    "    avg=1 / 2,\n",
    "    sparse=True,\n",
    "    symmetry=True)\n",
    "\n",
    "E, W, parity = eigen_basis(dvr)\n",
    "\n",
    "A, U = optimization(dvr, E, W, parity)\n",
    "t_sb = np.array([])\n",
    "for i in range(dvr.bands):\n",
    "    mu = np.diag(A[i])  # Diagonals are mu_i\n",
    "    t = -(A[i] - np.diag(mu))  # Off-diagonals are t_ij\n",
    "    print(f'mu_i,{i+1} = ', np.real(mu))\n",
    "    print(f't_ij,{i+1} =', abs(t))\n",
    "    t_sb = np.append(t_sb, abs(t[0, 1]))\n",
    "V = interaction(dvr, U, W, parity)\n",
    "print('U_i =', abs(V))"
   ]
  },
  {
   "cell_type": "markdown",
   "metadata": {},
   "source": [
    "| 1D x chain | t (kHz) | $\\mu$ (kHz) | U (kHz) |\n",
    "| -- | ----- | ----- | ----- |\n",
    "| 2 | 0.33459339 | -35.15147705 | 1.16669761 |\n",
    "| 3 | 0.29154572 | -35.15989359 -36.15465807 | 1.16075052 1.08831435 |\n",
    "| 4 | 0.29111124 0.24774003 | -35.16008983 -36.16069493 | 1.16018491 1.08606769 |\n",
    "| 5 | 0.291103027 0.247220317 | -35.1600951  -36.16081958 -36.1667645 | 1.15841229 1.08268238 1.08521976 |\n",
    "\n",
    "\n",
    "| 1D y chain | t (kHz) | $\\mu$ (kHz) | U (kHz) |\n",
    "| -- | ----- | ----- | ----- |\n",
    "| 2 | 0.09926161 | -34.39925269 | 1.23623438 |\n",
    "| 3 | 0.09280767 | -34.39959408 -34.83640662 | 1.23609266 1.18905493 |\n",
    "| 4 | 0.0927989793 0.0864121562 | -34.39959504 -34.83669976 | 1.238437   1.19090978 |\n",
    "| 5 | 0.0927989561 0.0864030213 | -34.39959504 -34.83670055 -34.83699298 | 1.24381596 1.18095209 1.19415962 |\n",
    "\n",
    "\n",
    "| 2D Plaquett | t (kHz) | $\\mu$ (kHz) | U (kHz) |\n",
    "| -- | ----- | ----- | ----- |\n",
    "| 2x2 | 0.33364721 0.09660292 | -35.6348516 | 1.11173354 |\n",
    "| 3x3 | 0.0904338849 0.290634614 0.289613446 0.0879192624 | -35.6435493 -36.08746291 -36.6445585 -37.09460885 | 1.10585854 1.06025591 1.03430202 0.98913985 |"
   ]
  },
  {
   "cell_type": "code",
   "execution_count": null,
   "metadata": {},
   "outputs": [],
   "source": [
    "from wannier import *\n",
    "import numpy as np\n",
    "from positify import positify\n",
    "\n",
    "N = 20\n",
    "R0 = np.array([3, 3, 7.2])\n",
    "dvr = Wannier(\n",
    "    N,\n",
    "    R0,\n",
    "    lattice=np.array([8], dtype=int),\n",
    "    lc=(1350, 1520),\n",
    "    trap=(50, 930, 1250),\n",
    "    laser=770,\n",
    "    dim=3,\n",
    "    avg=1,\n",
    "    sparse=True,\n",
    "    symmetry=True)\n",
    "\n",
    "E, W, parity = eigen_basis(dvr)\n",
    "\n",
    "A, U = optimization(dvr, E, W, parity)\n",
    "t_sb = np.array([])\n",
    "for i in range(dvr.bands):\n",
    "    mu = np.diag(A[i])  # Diagonals are mu_i\n",
    "    t = -(A[i] - np.diag(mu))  # Off-diagonals are t_ij\n",
    "    print(f'mu_i,{i+1} = ', np.real(mu))\n",
    "    print(f't_ij,{i+1} =', abs(t))\n",
    "    t_sb = np.append(t_sb, abs(t[0, 1]))\n",
    "V = interaction(dvr, U, W, parity)\n",
    "print('U_i =', abs(V))"
   ]
  }
 ],
 "metadata": {
  "interpreter": {
   "hash": "2e40e3571ba90a1d990bbd4d6b3d06901092cda6d190c6165fb53b18965115c0"
  },
  "kernelspec": {
   "display_name": "Python 3.9.12 ('base')",
   "language": "python",
   "name": "python3"
  },
  "language_info": {
   "codemirror_mode": {
    "name": "ipython",
    "version": 3
   },
   "file_extension": ".py",
   "mimetype": "text/x-python",
   "name": "python",
   "nbconvert_exporter": "python",
   "pygments_lexer": "ipython3",
   "version": "3.9.12"
  },
  "orig_nbformat": 4
 },
 "nbformat": 4,
 "nbformat_minor": 2
}
