{
 "cells": [
  {
   "attachments": {},
   "cell_type": "markdown",
   "metadata": {},
   "source": [
    "# Study Uijkl"
   ]
  },
  {
   "cell_type": "code",
   "execution_count": 2,
   "metadata": {},
   "outputs": [],
   "source": [
    "import matplotlib.pyplot as plt\n",
    "import numpy as np\n",
    "\n",
    "import sys\n",
    "import os\n",
    "\n",
    "module_path = os.path.abspath(os.path.join(\"..\"))\n",
    "if module_path not in sys.path:\n",
    "    sys.path.append(module_path)"
   ]
  },
  {
   "cell_type": "code",
   "execution_count": 3,
   "metadata": {},
   "outputs": [],
   "source": [
    "from HubbardTweezer.tools import reportIO as rep\n",
    "import numpy as np\n",
    "\n",
    "N = 8\n",
    "\n",
    "fn = f\"../../output/Hubbard/Uijkl.ini\"\n",
    "report = rep.get_report(fn)\n",
    "Uijkl = rep.a(report, \"Singleband_Parameters\", \"U_ijkl\")\n"
   ]
  },
  {
   "cell_type": "code",
   "execution_count": 4,
   "metadata": {},
   "outputs": [
    {
     "name": "stdout",
     "output_type": "stream",
     "text": [
      "Uijkl shape = (8, 8, 8, 8)\n",
      "Diagonal elements: U_iiii\n",
      "1.3045762414887285\n",
      "1.2241311903265322\n",
      "1.2219500819339697\n",
      "1.2219185199946958\n",
      "1.2219185199946934\n",
      "1.2219500819339708\n",
      "1.2241311903265317\n",
      "1.304576241488729\n"
     ]
    }
   ],
   "source": [
    "print(\"Uijkl shape =\", Uijkl.shape)\n",
    "print(\"Diagonal elements: U_iiii\")\n",
    "for i in range(N):\n",
    "    print(Uijkl[i, i, i, i])\n"
   ]
  },
  {
   "cell_type": "code",
   "execution_count": 5,
   "metadata": {},
   "outputs": [
    {
     "name": "stdout",
     "output_type": "stream",
     "text": [
      "Off-diagonal elements: U_ijij\n",
      "[0.00000000e+00 2.65131562e-03 1.93846073e-05 2.17636239e-07\n",
      " 2.88558588e-09 5.11893758e-11 8.65464026e-12 1.03045306e-11]\n",
      "[2.65131562e-03 0.00000000e+00 2.02737092e-03 1.35339857e-05\n",
      " 1.43069007e-07 1.80969999e-09 2.81170566e-11 8.65464026e-12]\n",
      "[1.93846073e-05 2.02737092e-03 0.00000000e+00 2.02078864e-03\n",
      " 1.34735469e-05 1.42234789e-07 1.80969999e-09 5.11893758e-11]\n",
      "[2.17636239e-07 1.35339857e-05 2.02078864e-03 0.00000000e+00\n",
      " 2.02068601e-03 1.34735469e-05 1.43069007e-07 2.88558588e-09]\n",
      "[2.88558588e-09 1.43069007e-07 1.34735469e-05 2.02068601e-03\n",
      " 0.00000000e+00 2.02078864e-03 1.35339857e-05 2.17636239e-07]\n",
      "[5.11893758e-11 1.80969999e-09 1.42234789e-07 1.34735469e-05\n",
      " 2.02078864e-03 0.00000000e+00 2.02737092e-03 1.93846073e-05]\n",
      "[8.65464026e-12 2.81170566e-11 1.80969999e-09 1.43069007e-07\n",
      " 1.35339857e-05 2.02737092e-03 0.00000000e+00 2.65131562e-03]\n",
      "[1.03045306e-11 8.65464026e-12 5.11893758e-11 2.88558588e-09\n",
      " 2.17636239e-07 1.93846073e-05 2.65131562e-03 0.00000000e+00]\n"
     ]
    }
   ],
   "source": [
    "print(\"Off-diagonal elements: U_ijij\")\n",
    "for i in range(N):\n",
    "    temp = np.zeros_like(Uijkl[i, i, i, :])\n",
    "    for j in range(N):\n",
    "        if j != i:\n",
    "            temp[j] = Uijkl[i, j, i, j]\n",
    "    print(temp)"
   ]
  },
  {
   "cell_type": "code",
   "execution_count": 6,
   "metadata": {},
   "outputs": [
    {
     "name": "stdout",
     "output_type": "stream",
     "text": [
      "Off-diagonal elements: U_ijji\n",
      "[0.00000000e+00 2.65131562e-03 1.93846073e-05 2.17636239e-07\n",
      " 2.88558588e-09 5.11893758e-11 8.65464026e-12 1.03045306e-11]\n",
      "[2.65131562e-03 0.00000000e+00 2.02737092e-03 1.35339857e-05\n",
      " 1.43069007e-07 1.80969999e-09 2.81170566e-11 8.65464026e-12]\n",
      "[1.93846073e-05 2.02737092e-03 0.00000000e+00 2.02078864e-03\n",
      " 1.34735469e-05 1.42234789e-07 1.80969999e-09 5.11893758e-11]\n",
      "[2.17636239e-07 1.35339857e-05 2.02078864e-03 0.00000000e+00\n",
      " 2.02068601e-03 1.34735469e-05 1.43069007e-07 2.88558588e-09]\n",
      "[2.88558588e-09 1.43069007e-07 1.34735469e-05 2.02068601e-03\n",
      " 0.00000000e+00 2.02078864e-03 1.35339857e-05 2.17636239e-07]\n",
      "[5.11893758e-11 1.80969999e-09 1.42234789e-07 1.34735469e-05\n",
      " 2.02078864e-03 0.00000000e+00 2.02737092e-03 1.93846073e-05]\n",
      "[8.65464026e-12 2.81170566e-11 1.80969999e-09 1.43069007e-07\n",
      " 1.35339857e-05 2.02737092e-03 0.00000000e+00 2.65131562e-03]\n",
      "[1.03045306e-11 8.65464026e-12 5.11893758e-11 2.88558588e-09\n",
      " 2.17636239e-07 1.93846073e-05 2.65131562e-03 0.00000000e+00]\n"
     ]
    }
   ],
   "source": [
    "print(\"Off-diagonal elements: U_ijji\")\n",
    "for i in range(N):\n",
    "    temp = np.zeros_like(Uijkl[i, i, i, :])\n",
    "    for j in range(N):\n",
    "        if j != i:\n",
    "            temp[j] = Uijkl[i, j, j, i]\n",
    "    print(temp)\n"
   ]
  },
  {
   "cell_type": "code",
   "execution_count": 7,
   "metadata": {},
   "outputs": [
    {
     "name": "stdout",
     "output_type": "stream",
     "text": [
      "Off-diagonal elements: U_iiij\n",
      "[ 0.00000000e+00 -2.17694717e-02 -2.30872088e-03  2.59655272e-04\n",
      "  3.06424371e-05 -3.72781085e-06 -4.64213993e-07  8.13568384e-08]\n",
      "[-1.61359080e-02  0.00000000e+00  1.60774423e-02 -1.74144121e-03\n",
      " -1.95750094e-04  2.29969162e-05  2.78088816e-06 -5.12327071e-07]\n",
      "[-2.04399744e-03  1.59013250e-02  0.00000000e+00 -1.59295067e-02\n",
      " -1.72752442e-03  1.94180185e-04  2.29189457e-05 -3.68846342e-06]\n",
      "[ 2.45481705e-04 -1.72887372e-03 -1.59257555e-02  0.00000000e+00\n",
      "  1.59267055e-02 -1.72735006e-03 -1.94521196e-04  3.00375717e-05]\n",
      "[ 3.00375717e-05 -1.94521196e-04 -1.72735006e-03  1.59267055e-02\n",
      "  0.00000000e+00 -1.59257555e-02 -1.72887372e-03  2.45481705e-04]\n",
      "[-3.68846342e-06  2.29189457e-05  1.94180185e-04 -1.72752442e-03\n",
      " -1.59295067e-02  0.00000000e+00  1.59013250e-02 -2.04399744e-03]\n",
      "[-5.12327071e-07  2.78088816e-06  2.29969162e-05 -1.95750094e-04\n",
      " -1.74144121e-03  1.60774423e-02  0.00000000e+00 -1.61359080e-02]\n",
      "[ 8.13568383e-08 -4.64213993e-07 -3.72781085e-06  3.06424371e-05\n",
      "  2.59655272e-04 -2.30872088e-03 -2.17694717e-02  0.00000000e+00]\n"
     ]
    }
   ],
   "source": [
    "print(\"Off-diagonal elements: U_iiij\")\n",
    "for i in range(N):\n",
    "    temp = np.zeros_like(Uijkl[i, i, i, :])\n",
    "    for j in range(N):\n",
    "        if j != i:\n",
    "            temp[j] = Uijkl[i, i, i, j]\n",
    "    print(temp)\n"
   ]
  },
  {
   "cell_type": "code",
   "execution_count": 11,
   "metadata": {},
   "outputs": [
    {
     "name": "stdout",
     "output_type": "stream",
     "text": [
      "Off-diagonal elements: U_iiji\n",
      "[ 0.00000000e+00 -2.17694717e-02 -2.30872088e-03  2.59655272e-04\n",
      "  3.06424371e-05 -3.72781085e-06 -4.64213993e-07  8.13568384e-08]\n",
      "[-1.61359080e-02  0.00000000e+00  1.60774423e-02 -1.74144121e-03\n",
      " -1.95750094e-04  2.29969162e-05  2.78088816e-06 -5.12327071e-07]\n",
      "[-2.04399744e-03  1.59013250e-02  0.00000000e+00 -1.59295067e-02\n",
      " -1.72752442e-03  1.94180185e-04  2.29189457e-05 -3.68846342e-06]\n",
      "[ 2.45481705e-04 -1.72887372e-03 -1.59257555e-02  0.00000000e+00\n",
      "  1.59267055e-02 -1.72735006e-03 -1.94521196e-04  3.00375717e-05]\n",
      "[ 3.00375717e-05 -1.94521196e-04 -1.72735006e-03  1.59267055e-02\n",
      "  0.00000000e+00 -1.59257555e-02 -1.72887372e-03  2.45481705e-04]\n",
      "[-3.68846342e-06  2.29189457e-05  1.94180185e-04 -1.72752442e-03\n",
      " -1.59295067e-02  0.00000000e+00  1.59013250e-02 -2.04399744e-03]\n",
      "[-5.12327071e-07  2.78088816e-06  2.29969162e-05 -1.95750094e-04\n",
      " -1.74144121e-03  1.60774423e-02  0.00000000e+00 -1.61359080e-02]\n",
      "[ 8.13568383e-08 -4.64213993e-07 -3.72781085e-06  3.06424371e-05\n",
      "  2.59655272e-04 -2.30872088e-03 -2.17694717e-02  0.00000000e+00]\n"
     ]
    }
   ],
   "source": [
    "print(\"Off-diagonal elements: U_iiji\")\n",
    "for i in range(N):\n",
    "    temp = np.zeros_like(Uijkl[i, i, i, :])\n",
    "    for j in range(N):\n",
    "        if j != i:\n",
    "            temp[j] = Uijkl[i, i, j, i]\n",
    "    print(temp)\n"
   ]
  },
  {
   "cell_type": "code",
   "execution_count": 9,
   "metadata": {},
   "outputs": [
    {
     "name": "stdout",
     "output_type": "stream",
     "text": [
      "Off-diagonal elements: U_ijii\n",
      "[ 0.00000000e+00 -2.17694717e-02 -2.30872088e-03  2.59655272e-04\n",
      "  3.06424371e-05 -3.72781085e-06 -4.64213993e-07  8.13568384e-08]\n",
      "[-1.61359080e-02  0.00000000e+00  1.60774423e-02 -1.74144121e-03\n",
      " -1.95750094e-04  2.29969162e-05  2.78088816e-06 -5.12327071e-07]\n",
      "[-2.04399744e-03  1.59013250e-02  0.00000000e+00 -1.59295067e-02\n",
      " -1.72752442e-03  1.94180185e-04  2.29189457e-05 -3.68846342e-06]\n",
      "[ 2.45481705e-04 -1.72887372e-03 -1.59257555e-02  0.00000000e+00\n",
      "  1.59267055e-02 -1.72735006e-03 -1.94521196e-04  3.00375717e-05]\n",
      "[ 3.00375717e-05 -1.94521196e-04 -1.72735006e-03  1.59267055e-02\n",
      "  0.00000000e+00 -1.59257555e-02 -1.72887372e-03  2.45481705e-04]\n",
      "[-3.68846342e-06  2.29189457e-05  1.94180185e-04 -1.72752442e-03\n",
      " -1.59295067e-02  0.00000000e+00  1.59013250e-02 -2.04399744e-03]\n",
      "[-5.12327071e-07  2.78088816e-06  2.29969162e-05 -1.95750094e-04\n",
      " -1.74144121e-03  1.60774423e-02  0.00000000e+00 -1.61359080e-02]\n",
      "[ 8.13568383e-08 -4.64213993e-07 -3.72781085e-06  3.06424371e-05\n",
      "  2.59655272e-04 -2.30872088e-03 -2.17694717e-02  0.00000000e+00]\n"
     ]
    }
   ],
   "source": [
    "print(\"Off-diagonal elements: U_ijii\")\n",
    "for i in range(N):\n",
    "    temp = np.zeros_like(Uijkl[i, i, i, :])\n",
    "    for j in range(N):\n",
    "        if j != i:\n",
    "            temp[j] = Uijkl[i, j, i, i]\n",
    "    print(temp)\n"
   ]
  },
  {
   "cell_type": "code",
   "execution_count": 10,
   "metadata": {},
   "outputs": [
    {
     "name": "stdout",
     "output_type": "stream",
     "text": [
      "Max off-diagonal elements: U_ijkl\n",
      "(0, 0, 0, 1) 0.021769471659172097\n"
     ]
    }
   ],
   "source": [
    "print(\"Max off-diagonal elements: U_ijkl\")\n",
    "temp = Uijkl.copy()\n",
    "for i in range(N):\n",
    "    temp[i, i, i, i] = 0\n",
    "maxval, maxidx = np.max(abs(temp)), np.argmax(abs(temp))\n",
    "print(np.unravel_index(maxidx, temp.shape), maxval)\n"
   ]
  }
 ],
 "metadata": {
  "kernelspec": {
   "display_name": "torch",
   "language": "python",
   "name": "python3"
  },
  "language_info": {
   "codemirror_mode": {
    "name": "ipython",
    "version": 3
   },
   "file_extension": ".py",
   "mimetype": "text/x-python",
   "name": "python",
   "nbconvert_exporter": "python",
   "pygments_lexer": "ipython3",
   "version": "3.10.10"
  },
  "orig_nbformat": 4
 },
 "nbformat": 4,
 "nbformat_minor": 2
}
